Creator=Shadow
X=1707.413330
Y=1437.497924
Z=10.590963
RX=0.000000
RY=0.000000
RZ=0.000000
speed=50
