Name=Not Set
Owner=3302
X=-6.736598
Y=-1242.778320
Z=18.112335
RX=0.000000
RY=0.000000
RZ=0.000000
VW=0
Int=0
LAX=0.000000
LAY=0.000000
LAZ=0.000000
