Name=Not Set
Owner=3301
X=-27.466253
Y=-1381.442626
Z=22.750095
RX=0.000000
RY=0.000000
RZ=0.000000
VW=0
Int=0
LAX=0.000000
LAY=0.000000
LAZ=0.000000
