Name=Not Set
Owner=Joey_Alvarado
X=-2805.414306
Y=-1511.212890
Z=147.695648
RX=27.599994
RY=5.099998
RZ=3.999999
VW=0
Int=0
LAX=-2800.233886
LAY=-1527.508422
LAZ=140.864105
