Name=Traaaaaaaaaaan CCTV
Owner=Marcus_Bennet
X=2463.118896
Y=-1963.454223
Z=23.840620
RX=0.000000
RY=0.000000
RZ=-47.500003
VW=0
Int=0
LAX=2447.448242
LAY=-1970.200439
LAZ=13.546875
