dName=Grotti's Dealerships
dPosX=542.494079
dPosY=-1293.123657
dPosZ=17.242187
dCPosX=532.622131
dCPosY=-1282.497924
dCPosZ=17.242187
dCPosA=293.613769
car_0=411
car_0_price=25000000
car_1=562
car_1_price=10000000
car_2=559
car_2_price=15000000
car_3=560
car_3_price=20000000
car_4=565
car_4_price=5000000
car_5=451
car_5_price=15000000
car_6=587
car_6_price=8000000
car_7=589
car_7_price=5000000
car_8=541
car_8_price=20000000
car_9=506
car_9_price=10000000
car_10=477
car_10_price=12000000
car_11=415
car_11_price=18000000
car_12=402
car_12_price=10000000
