dName=Jefferson's Bikes
dPosX=2131.828125
dPosY=-1150.559570
dPosZ=24.144126
dCPosX=2132.072753
dCPosY=-1139.036865
dCPosZ=25.382398
dCPosA=5.410552
car_0=461
car_0_price=5000000
car_1=462
car_1_price=100000
car_2=463
car_2_price=4000000
car_3=468
car_3_price=6000000
car_4=521
car_4_price=10000000
car_5=581
car_5_price=8000000
car_6=586
car_6_price=1000000
car_7=481
car_7_price=50000
car_8=510
car_8_price=500000
car_9=522
car_9_price=15000000
