dName=OLD-GOLD DS
dPosX=1648.311523
dPosY=-1900.395263
dPosZ=13.552103
dCPosX=1666.325683
dCPosY=-1887.751831
dCPosZ=13.546875
dCPosA=0.450673
car_0=405
car_0_price=800000
car_1=410
car_1_price=2000000
car_2=419
car_2_price=900000
car_3=436
car_3_price=1500000
car_4=445
car_4_price=2000000
car_5=507
car_5_price=1300000
car_6=516
car_6_price=2000000
car_7=526
car_7_price=1600000
car_8=551
car_8_price=2000000
car_9=550
car_9_price=2000000
car_10=547
car_10_price=1700000
car_11=546
car_11_price=2000000
car_12=529
car_12_price=650000
car_13=527
car_13_price=1400000
car_14=580
car_14_price=2000000
