dName=Unique DS
dPosX=1702.758544
dPosY=-1470.058227
dPosZ=13.546875
dCPosX=1702.828857
dCPosY=-1483.143920
dCPosZ=13.382802
dCPosA=185.523620
car_0=409
car_0_price=22000000
car_1=434
car_1_price=15000000
car_2=588
car_2_price=2000000
car_3=494
car_3_price=10000000
car_4=442
car_4_price=4200000
car_5=545
car_5_price=6000000
car_6=525
car_6_price=1500000
