dName=LS flies DS
dPosX=1438.938720
dPosY=-2409.297119
dPosZ=13.554677
dCPosX=1455.123046
dCPosY=-2434.944580
dCPosZ=13.554677
dCPosA=218.234817
car_0=476
car_0_price=8000000
car_1=511
car_1_price=10000000
car_2=512
car_2_price=5000000
car_3=513
car_3_price=15000000
car_4=519
car_4_price=12000000
car_5=593
car_5_price=6000000
car_6=487
car_6_price=12000000
car_7=417
car_7_price=6000000
car_8=447
car_8_price=5000000
car_9=563
car_9_price=8000000
car_10=563
car_10_price=8000000
