dName=Big Wheels DS
dPosX=452.340515
dPosY=-1796.539672
dPosZ=5.546875
dCPosX=445.157897
dCPosY=-1808.042358
dCPosZ=5.546875
dCPosA=92.506675
car_0=400
car_0_price=6000000
car_1=424
car_1_price=3500000
car_2=470
car_2_price=10000000
car_3=495
car_3_price=20000000
car_4=500
car_4_price=4000000
car_5=568
car_5_price=7000000
car_6=489
car_6_price=1500000
car_7=579
car_7_price=2000000
