dName=LS Boats Dealerships
dPosX=154.224990
dPosY=-1946.622802
dPosZ=5.390314
dCPosX=172.223373
dCPosY=-1929.152587
dCPosZ=-0.582369
dCPosA=353.995208
car_0=452
car_0_price=15000000
car_1=453
car_1_price=3500000
car_2=454
car_2_price=4000000
car_3=493
car_3_price=10000000
car_4=595
car_4_price=8000000
car_5=484
car_5_price=5000000
car_6=473
car_6_price=2500000
car_7=446
car_7_price=18000000
