dName=Lowriders DS
dPosX=2493.015136
dPosY=-1958.748168
dPosZ=13.581027
dCPosX=2495.226806
dCPosY=-1952.473510
dCPosZ=13.433815
dCPosA=271.109558
car_0=412
car_0_price=5000000
car_1=534
car_1_price=2500000
car_2=535
car_2_price=3400000
car_3=536
car_3_price=3400000
car_4=567
car_4_price=4500000
car_5=575
car_5_price=6000000
car_6=576
car_6_price=4600000
